perf stat ./Intmm
-283
-1656
234
494
252
252
-162
-1542
-2592
-2376
-2526
-3338
-5228
-6108
-5802
-3134
-3112
-2464
-5422
-4890
-5716
-5476
-7074
-8166
-6216
-7840
-9838
-8330
-5780
-8132
-8370
-8790
-8808
-8544
-11038
-10426
-10636
-9164
-9674
-9950
-9080
-9200
-6446
-6026
-6316
-6348
-5498
-4510
-4600
-3424
-1078
-658
-684
-2316
534
1938
2424
2272
3906
3830
4100
1076
-1274
-1614
-1632
-2360
-3710
-4986
-5324
-4092
-2442
-1902
-1120
-392
906
1246
2836
3236
158
-150
656
-856
-526
54
-1748
-4068
-1098
1570
1768
1600
786
1318
1956
756
3294
4570
2904
2624
2106
-98
-644
-612
-1258
-1310
-1296
-2696
-2630
-4226
-3708
-5340
-5986
-5606
-5648
-5768
-5838
-5946
-7396
-5236
-5578
-6238
-6376
-6448
-6670
-6826
-6892
-6988
-6834
-8886
-6136
-6544
-6582
-6642
-4612
-6068
-6970
-9470
-9584
-10872
-11302
-12274
-12252
-13644
-14018
-12182
-12872
-11904
-12534
-10434
-12756
-11316
-11274
-11310
-11480
-11408
-12110
-12938
-13308
-13372
-13090
-13846
-12592
-11896
-13630
-13930
-13700
-14500
-14506
-14782
-13792
-11512
-12006
-13746
-14188
-13276
-13746
-12150
-10440
-10400
-9686
-8066
-8660
-8900
-8570
-7998
-8232
-9408
-11550
-12138
-13692
-12860
-13170
-13398
-14432
-14888
-16238
-17210
-17252
-16324
-16714
-17726
-19776
-19272
-17590
-17362
-16812
-15852
-14578
-15766
-16536
-17680
-18382
-18202
-18556
-18556
-18738
-21638
-18912
-21720
-22822
-22930
-22292
-24692
-23642
-23534
-23864
-23504
-25502
-27098
-26980
-27892
-26842
-26942
-28616
-28816
-29414
-29954
-27092
-26804
-29114
-28814
-28896
-29496
-30598
-30610
-30420
-31668
-32074
-34046
-35472
-34920
-36030
-36090
-34756
-34020
-33034
-34126
-34360
-34096
-34894
-36794
-36020
-36356
-37226
-37486
-38664
-39616
-41206
-41778
-39764
-39188
-39234
-38886
-37832
-38384
-37966
-37978
-37692
-37692
-39210
-38222
-39632
-40424
-40830
-40874
-40580
-40276
-42530
-44150
-45872
-45224
-45494
-43746
-40796
-40796
-40826
-41982
-41736
-44288
-44294
-46594
-46468
-47140
-46930
-46966
-45416
-45872
-45710
-46490
-49564
-50668
-50938
-50462
-50448
-50536
-50622
-50682
-50580
-50468
-50498
-48198
-49648
-50824
-50774
-51874
-52900
-53476
-54274
-57638
-57088
-59032
-59086
-61386
-60796
-62524
-63098
-62110
-59032
-59088
-58542
-56042
-57652
-58532
-58882
-59462
-59480
-60208
-59686
-58178
-57548
-57708
-57722
-57502
-58672
-58888
-58342
-58338
-58756
-57412
-57346
-58790
-60272
-59912
-58110
-57978
-59356
-57148
-57162
-60062
-60920
-61200
-61662
-62122
-63652
-63556
-64258
-63510
-62184
-63984
-62134
-62434
-60700
-62332
-61594
-61598
-62032
-64056
-67478
-65970
-67092
-65364
-66354
-66294
-65664
-65880
-65230
-65114
-64940
-64236
-64202
-61902
-62184
-62184
0
